acc	G	C	A	T
KP688058.1:89..10300	0.2757370947203448	0.229993143304927	0.2505632285238515	0.24370653345087667
KT192549.1:110..10264	0.2642828999211978	0.2093183609141056	0.2669424743892829	0.2594562647754137
AB981186.1:112..10194	0.28174603174603174	0.24345238095238095	0.23492063492063492	0.2398809523809524
KF917536.1:1..10284	0.28149012741951174	0.21447330026262038	0.2891742048438868	0.21486236747398113
KJ469370.1:1..10131	0.272413112164297	0.17960110584518169	0.2877172195892575	0.26026856240126384
KJ469371.1:1..10125	0.2717842323651452	0.18356056115392214	0.28798656392017385	0.2566686425607587
KJ469372.1:1..10131	0.27182069510268564	0.17446682464454977	0.28811216429699843	0.26540284360189575
KF815939.1:132..10400	0.32602766413403467	0.2062146892655367	0.2618351841028638	0.20592246249756477
KC464457.1:112..10191	0.2781581819986107	0.24352485858886574	0.2382653567530019	0.23945618735734842
KC505248.1:1..10095	0.2880499405469679	0.20719381688466113	0.2638723741577487	0.2408838684106223
JQ268258.1:1..10158	0.26469719350073856	0.2015755785327425	0.2696208764155588	0.26410635155096013
JX236040.3:95..10378	0.28110106020815095	0.20124501507635445	0.29792821709950396	0.21972570761599067
HE574574.1:51..10124	0.2756429351603614	0.2464502035547612	0.24009532320524277	0.2378115380796346
JF895923.2:95..10372	0.2895377128953771	0.19951338199513383	0.28583941605839414	0.2251094890510949
DQ859056.1:1..10182	0.2816583161410748	0.22232046369977404	0.27271834168385894	0.22330287847529226
DQ859057.1:1..10173	0.26971484759095377	0.21150442477876105	0.2889872173058014	0.22979351032448378
DQ859060.1:1..10206	0.2842301283936097	0.1923943938057434	0.2845241595609135	0.2388513182397334
DQ859062.1:1..10173	0.2705998033431662	0.20619469026548673	0.28515240904621436	0.23805309734513275
DQ859065.1:1..10182	0.26662737007564596	0.2022792022792023	0.2923666371942234	0.23872679045092837
DQ859066.1:1..10173	0.2704031465093412	0.21189773844641102	0.2897738446411013	0.2279252704031465
DQ859067.1:1..10173	0.2700098328416912	0.2063913470993117	0.2856440511307768	0.23795476892822026
GQ165809.2:1..10122	0.257930625555885	0.2095068682676154	0.26969068089732184	0.2628718252791778
AB488408.1:97..10122	0.26219694702184976	0.23845156140875987	0.252718746882171	0.2466327446872194
EU707555.1:119..10336	0.2665687714145864	0.20851688693098386	0.2854625550660793	0.23945178658835045
FJ644291.1:113..10192	0.27766200258013296	0.24521186861168998	0.23866230028778407	0.23846382852039297
AB377213.1:92..10183	0.2975517890772128	0.23163841807909605	0.23461195361284568	0.23619783923084547
DQ837641.1:120..10355	0.28066060783738883	0.22525163686113553	0.27821753151568457	0.21587022378579107
DQ837642.1:117..10334	0.26382770435633873	0.20773372491434167	0.28986784140969163	0.238570729319628
DQ525916.1:99..10391	0.2800777453838678	0.2165208940719145	0.29173955296404275	0.21156462585034014
DQ235144.1:1..10266	0.3306050862320959	0.21134171294943	0.24495761473253436	0.2130955860859398
DQ235145.1:1..10251	0.3129391100702576	0.20823575331772054	0.26336846213895393	0.2154566744730679
DQ235146.1:1..10215	0.3110066588327458	0.21621621621621623	0.254602428515472	0.218174696435566
DQ235149.1:1..10254	0.3351868110428251	0.2054433713784021	0.2409521022339284	0.21841771534484442
DQ235150.1:1..10269	0.31696863432690436	0.21654003506721214	0.2520942918371323	0.2143970387687512
DQ235151.1:1..10245	0.3259129076352275	0.22485842608865456	0.2454598711189221	0.20376879515719587
DQ235152.1:1..10245	0.3242530755711775	0.22593243507127514	0.24204256981058386	0.20777191954696347
DQ235153.1:1..10245	0.3253270845537981	0.22446787736770163	0.2460456942003515	0.2041593438781488
AY323490.1:1..10251	0.3198672911787666	0.23214285714285715	0.24102263856362216	0.2069672131147541
AY632535.2:107..10366	0.29092327191186507	0.21692502681095838	0.27756653992395436	0.2145851613532222
AY632536.4:105..10394	0.28307572664528047	0.21551472732575094	0.28404782735491396	0.21736171867405463
AY632539.4:93..10367	0.2797897196261682	0.24328271028037382	0.26878894080996885	0.20813862928348908
AY632540.2:107..10333	0.3017410015649452	0.22721048513302033	0.2711267605633803	0.19992175273865415
AY632541.4:84..10316	0.28914956011730203	0.20703812316715542	0.2813294232649071	0.22248289345063538
AY632545.2:95..10375	0.2830317182331193	0.21297917882856587	0.29149640007783617	0.2124927028604787
AY453411.1:97..10401	0.28266356047369445	0.2294700058241118	0.270918268297418	0.21694816540477577
AY193805.1:133..10377	0.31282952548330406	0.22251513376293694	0.2564928724858426	0.20816246826791643
AB114858.1:151..10428	0.2596593673965937	0.210316301703163	0.30024330900243307	0.22978102189781022
AY149905.1:97..10170	0.26591202462516134	0.23403832787210804	0.2514149538278225	0.24863469367490815
AJ299445.1:109..10233	0.26022525192649676	0.178324441809919	0.29806362378976486	0.2633866824738194
AJ242984.1:110..10234	0.2713890535467299	0.18099189883422248	0.2960877296976882	0.2515313179213594
AF311056.1:94..10341	0.3077598828696925	0.21815519765739386	0.25651537335285507	0.21756954612005858
AF331718.1:115..10365	0.3170374707259953	0.22375097580015613	0.24355971896955503	0.2156518345042935
AF326573.1:102..10265	0.26267099694911916	0.20588524751500836	0.3109930124987698	0.22045074303710266
AF253419.1:131..10375	0.32317906658855694	0.22026947861745752	0.24458113649677798	0.21197031829720758
AF160193.1:1..10116	0.2758825274399288	0.20785128053001087	0.2765747058241867	0.23969148620587363
AF144692.1:1..10140	0.25036993193252444	0.18200651080201244	0.303146887639341	0.26447666962612215
AF161266.1:96..10400	0.2748980780430984	0.21141525917297613	0.28868180935740634	0.22500485342651913
L40361.3:133..10377	0.3212263229837922	0.22603007225151336	0.2472173403632103	0.20552626440148408
AF013360.1:<1..>1035	0.3120772946859903	0.19033816425120773	0.2898550724637681	0.20772946859903382
AF013362.1:<1..>1032	0.2936046511627907	0.2063953488372093	0.29554263565891475	0.20445736434108527
AF013365.1:<1..>1011	0.29475766567754697	0.17111770524233433	0.26508407517309596	0.26904055390702275
AF013366.1:<1..>1038	0.29672447013487474	0.2138728323699422	0.29383429672447015	0.1955684007707129
AF013368.1:<1..>1011	0.26607319485657766	0.1681503461918892	0.3105835806132542	0.2551928783382789
AF013369.1:<1..>1011	0.2898120672601385	0.17111770524233433	0.29080118694362017	0.24826904055390703
AF013370.1:<1..>1011	0.3066271018793274	0.18397626112759644	0.27002967359050445	0.23936696340257171
AF013371.1:<1..>1011	0.27695351137487634	0.1671612265084075	0.2898120672601385	0.26607319485657766
AF013375.1:<1..>1032	0.29844961240310075	0.22674418604651161	0.2751937984496124	0.1996124031007752
AF013377.1:<1..>1035	0.28792270531400965	0.19806763285024154	0.30531400966183575	0.20869565217391303
AF013384.1:<1..>1035	0.2927536231884058	0.22028985507246376	0.2743961352657005	0.21256038647342995
AF013390.1:<1..>1038	0.30057803468208094	0.20616570327552985	0.2909441233140655	0.2023121387283237
AF013394.1:<1..>1011	0.2789317507418398	0.1641938674579624	0.29772502472799206	0.2591493570722057
AF013397.1:<1..>1035	0.3072463768115942	0.2106280193236715	0.2821256038647343	0.2
AF013401.1:<1..>1011	0.2898120672601385	0.17903066271018794	0.2809099901088032	0.2502472799208704
AF013402.1:<1..>1011	0.27794263105835804	0.19188921859545005	0.2789317507418398	0.2512363996043521
AF013405.1:<1..>1032	0.30523255813953487	0.21511627906976744	0.2625968992248062	0.21705426356589147
AF013407.1:<1..>1026	0.30409356725146197	0.2037037037037037	0.28167641325536064	0.21052631578947367
AF013413.1:<1..>1035	0.2821256038647343	0.21739130434782608	0.30241545893719807	0.19806763285024154
X86784.1:<1..>1488	0.31048387096774194	0.22244623655913978	0.2540322580645161	0.21303763440860216
U87411.1:97..10272	0.2529244077459943	0.20436449424948394	0.33166224319276516	0.21104885481175661
Y07863.1:130..10374	0.3214215973442687	0.22681116969341925	0.24458113649677798	0.20718609646553407
U88536.1:95..10273	0.25766509433962265	0.20725235849056603	0.31937893081761004	0.21570361635220126
M12294.2:97..10389	0.282798833819242	0.22759961127308065	0.2725947521865889	0.21700680272108844
M91671.1:114..10139	0.27606505038411655	0.23715454454754065	0.2428414646313479	0.2439389404369949
U27495.1:133..10377	0.32083577426283927	0.22026947861745752	0.2469244288224956	0.21197031829720758
M18370.1:96..10394	0.2837995337995338	0.23164335664335664	0.2762237762237762	0.20833333333333334
M93130.1:95..10267	0.2585054080629302	0.2048180924287119	0.32291052114060964	0.21376597836774827
L06436.1:112..10359	0.3129331381161542	0.2199121522693997	0.2514397266959492	0.21571498291849683
D00246.1:76..10377	0.287697834741237	0.2205068453247888	0.27293912030294204	0.21885619963103214
D12937.1:<1..>1488	0.3024193548387097	0.2211021505376344	0.26411290322580644	0.21236559139784947
X03700.1:119..10354	0.28603537574513827	0.2109840711423825	0.2703996872862308	0.2325808658262484
blackfly_flavi_-_ORF_1_(frame_1)	0.24028776978417266	0.21764988009592326	0.3086810551558753	0.2333812949640288
