acc	G	C	A	T
NC_076145.1	0.22725788012412215	0.20782296260003266	0.29928139800751263	0.2645761881430671
NC_034541.1	0.21906151227814247	0.19085825431558473	0.31331550368749495	0.27676472971877786
NC_076163.1	0.24031600407747197	0.23309548080190282	0.2900951410125722	0.23649337410805302
NC_034451.1	0.22378125562151466	0.18141752113689513	0.31768303651735924	0.277118186724231
NC_055293.1	0.2596899224806202	0.2131782945736434	0.26356589147286824	0.26356589147286824
NC_033103.1	0.20169023240695597	0.19023240695595645	0.3304891922639363	0.2775881683731513
NC_055473.1	0.19147940074906367	0.1564450686641698	0.3404338327091136	0.31164169787765295
NC_075982.1	0.2518016844664409	0.25900842233220456	0.26187375184509853	0.22731614135625597
NC_076914.1	0.24244719346966254	0.19700412353782715	0.3122948750315577	0.24825380796095262
NC_077130.1	0.2513138138138138	0.24990615615615616	0.25910285285285284	0.23648648648648649
NC_055505.1	0.21170610211706103	0.17650477376504775	0.32594437525944375	0.28584474885844746
NC_055457.1	0.24765878535002317	0.2469170143718127	0.2698191933240612	0.2356050069541029
NC_076182.1	0.22149062642889802	0.20109739368998628	0.3003200731595793	0.27709190672153633
NC_034454.1	0.21740730517986936	0.17030085564449352	0.3262489649461772	0.28604287422945995
NC_079121.1	0.2531032394792613	0.18679987889797153	0.3348471086890705	0.22524977293369663
NC_003746.1	0.23708010335917312	0.20276162790697674	0.31815245478036175	0.24200581395348839
NC_076977.1	0.23719131733895774	0.1963265664821162	0.3082871957113982	0.2581949204675279
NC_055479.1	0.23730543505996426	0.20107170196478694	0.29429276175895214	0.2673301012162967
NC_032739.1	0.2252347108888304	0.19715714661753092	0.30595770816881634	0.27165043432482233
NC_031232.1	0.22750766535260622	0.19115199299167762	0.30713972842750764	0.2742006132282085
NC_079052.1	0.24961848702855896	0.20209287115761937	0.29779812513625464	0.25049051667756705
NC_076211.1	0.22885572139303484	0.1879282831127382	0.32554210081667134	0.25767389467755564
NC_043066.1	0.21333333333333335	0.1968421052631579	0.3312280701754386	0.25859649122807016
NC_033070.1	0.19663185624235582	0.21422523285351397	0.31357606548123057	0.2755668454228996
NC_013955.1	0.20238548407562493	0.19248826291079812	0.3286384976525822	0.27642431163557923
NC_031227.1	0.24584862786226183	0.2016255899318301	0.2888481034784129	0.2636776787274952
NC_025397.1	0.19155354449472098	0.1689291101055807	0.3430181789314916	0.29649916646820673
NC_076982.1	0.24801241031607524	0.1862516967229009	0.32179561760713593	0.24394027535388793
NC_039206.1	0.23102866779089376	0.19336706014614952	0.30532134157766533	0.27028293048529134
NC_022580.1	0.20812767357683448	0.18501151694636395	0.32453109575518263	0.28232971372161897
NC_079127.1	0.20703125	0.162109375	0.3321940104166667	0.2986653645833333
NC_055477.1	0.20801869830996045	0.19345559151384395	0.31868033081625313	0.27984537935994247
NC_031958.1	0.19965009776680046	0.1475764124729855	0.3621488113615313	0.2906246783986827
NC_039020.1	0.2047765649780763	0.18593152346300962	0.32932176509002703	0.279970146468887
NC_075304.1	0.21931306306306306	0.18374624624624625	0.30855855855855857	0.2840653153153153
NC_005093.1	0.250804799531753	0.2663154814164472	0.27802165642376353	0.2048580626280363
NC_076935.1	0.2061837298405061	0.17722534081796312	0.34117437405328344	0.2754165552882473
NC_031240.1	0.18419375398342894	0.17117363197669125	0.3479923518164436	0.2966402622234362
NC_008514.1	0.23417840375586854	0.21492957746478875	0.30985915492957744	0.24103286384976527
NC_076208.1	0.1948642597257207	0.14966414777497902	0.3676182479708928	0.2848446683459278
NC_033034.1	0.19393029848257462	0.19718192429548106	0.32224445556111386	0.2866433216608304
NC_076267.1	0.19622350674373795	0.17703275529865126	0.35275529865125244	0.27398843930635836
NC_033705.1	0.2019011059318161	0.19742253907321086	0.31514486792797736	0.2855314870669957
NC_025358.1	0.21152089919213207	0.1321390937829294	0.37534246575342467	0.2809975412715139
NC_055454.1	0.2336874051593323	0.18824818748946215	0.310150059011971	0.26791434833923455
NC_079122.1	0.2250698209298505	0.16970593067192377	0.33694759323147694	0.2682766551667488
NC_031955.1	0.2229955456570156	0.19469190794357832	0.30206013363028955	0.28025241276911655
NC_025385.1	0.23526690720695717	0.2136182810620779	0.28059950041631976	0.2705153113146452
NC_076938.1	0.21288438726161146	0.1701797609270919	0.3368920521945433	0.28004379961675335
NC_025401.1	0.22018348623853212	0.18501529051987767	0.3172333153444864	0.2775679078971038
NC_022581.1	0.23192436040044495	0.20698924731182797	0.31470152020763814	0.246384872080089
NC_076929.1	0.2065928535480624	0.1707767153162221	0.33719174635128335	0.28543868478443213
NC_055292.1	0.2389937106918239	0.1979559748427673	0.29559748427672955	0.26745283018867927
NC_055138.1	0.2275515895147797	0.19920059490611638	0.31344116006692696	0.25980665551217696
NC_076932.1	0.19730820995962314	0.15477792732166892	0.35307312696276355	0.2948407357559444
NC_020805.1	0.23247335950644982	0.19798093101514302	0.3033277248083754	0.26621798467003177
NC_034450.1	0.21833757814308868	0.19526124874585166	0.3069383344910087	0.27946283862005095
NC_028246.1	0.18718655082291447	0.14388641661368934	0.37430246521155613	0.29462456735184006
NC_031216.1	0.1681365343785726	0.19312428548097338	0.3251674016005226	0.3135717785399314
NC_040669.1	0.21927425237053247	0.20523340627279357	0.3077133479212254	0.2677789934354486
NC_034533.1	0.19574594674996282	0.17588874014576825	0.33377956269522535	0.29458575040904356
NC_020810.1	0.23022246838364258	0.2183144096741438	0.28431644050586174	0.26705437090372014
NC_076487.1	0.21397184109048517	0.22742354945744775	0.27943682180970314	0.27916778764236394
complement(NC_076244.1	0.22099712368168745	0.19798657718120805	0.32550335570469796	0.25551294343240655
NC_040599.1	0.25773103200287667	0.2380438691118303	0.2586299892125135	0.2455951096727796
NC_040664.1	0.23332408178369876	0.19585530576371543	0.3052086224442594	0.2656119900083264
NC_079119.1	0.2235217673814165	0.18421052631578946	0.3401559454191033	0.2521117608836907
NC_076532.1	0.23111868256672347	0.21051350693599416	0.3212460452664882	0.2371217652307942
NC_076980.1	0.21311945001432253	0.1720614914542156	0.33132817721760716	0.2834908813138547
NC_055137.1	0.24243250613580583	0.21134442323425143	0.2964275974911372	0.24979547313880557
NC_025377.1	0.22493751735628992	0.20327686753679533	0.295843747107285	0.2759418679996297
join(NC_025384.1	0.27618150416077875	0.2702151044119956	0.24116815826660387	0.21243523316062177
NC_017685.1	0.18987880076546884	0.14678573959883762	0.3691260897299596	0.29420936990573393
NC_076974.1	0.2180339985218034	0.17056746325039007	0.3495113739016178	0.2618871643261887
NC_025365.1	0.2093732667775929	0.18386023294509152	0.3112405250508412	0.2955259752264744
NC_055466.1	0.23062746083605595	0.20750607355281897	0.30376141409064256	0.2581050515204825
NC_038275.1	0.21517326541637724	0.19634174577448482	0.3074785830053253	0.2810064058038126
NC_034542.1	0.20745446844557391	0.16010165184243966	0.3470563320626853	0.28538754764930113
NC_076936.1	0.19795623078314342	0.1606981370953156	0.35205281244347986	0.28929281967806114
NC_038286.1	0.2323820079431052	0.2026415442874296	0.30978110279855914	0.25519534497090607
NC_031305.1	0.24510910458991722	0.23890142964635064	0.27981565086531224	0.2359857035364936
NC_025362.1	0.22104355325571368	0.18421733505821475	0.3298835705045278	0.26485554118154375
NC_038280.1	0.21603249606233937	0.20492414822183536	0.30183204841250105	0.2772113073033242
NC_079120.1	0.21528809641736835	0.17219745748720489	0.3229321446260525	0.2895823014693743
NC_000903.1	0.25313868613138685	0.23931873479318735	0.2894403892944039	0.2181021897810219
NC_055529.1	0.23984937786509497	0.1868860510805501	0.3150785854616896	0.25818598559266537
NC_075981.1	0.2170039785504238	0.19564089257913855	0.3212247016087182	0.2661304272617194
NC_002251.1	0.23682219419924339	0.19007986548970154	0.3067675493905002	0.2663303909205549
NC_025405.1	0.2227234282492247	0.17968236068038718	0.3265670519687999	0.2710271591015882
complement(NC_034240.1	0.24662959218065386	0.20315133131108865	0.2995449949443883	0.2506740815638692
NC_076490.1	0.21040128955629084	0.19275472978705355	0.3118690082294053	0.28497497242725034
NC_025387.1	0.268279989591465	0.23306444617920027	0.27140255009107467	0.22725301413826005
NC_076415.1	0.25453716370269036	0.2568171454628363	0.2553579571363429	0.23292293661650706
NC_039200.1	0.17501422879908934	0.12426484538038322	0.39461202807816353	0.3061088977423639
NC_020808.1	0.23952262003885652	0.2155611064853363	0.278749190489407	0.26616708298640024
NC_038282.1	0.20310114887121394	0.2011729734072467	0.3356632120189604	0.2600626657025789
NC_020803.1	0.24299152463444165	0.2005215609574369	0.3176865046102263	0.23880040979789513
NC_025378.1	0.2477165790202048	0.22935695174831627	0.2769628194482886	0.24596364978319032
NC_076290.1	0.2479858344400177	0.18725099601593626	0.3082779991146525	0.25648517042939356
NC_055567.1	0.25486284289276806	0.20980881130507065	0.2906068162926018	0.24472152950955944
NC_076934.1	0.2042816610781532	0.16387240993895624	0.34089932078067237	0.29094660820221824
NC_076939.1	0.23589891419237052	0.21245315652925914	0.28500048044585374	0.26664744883251656
NC_055290.1	0.25075528700906347	0.22356495468277945	0.2980866062437059	0.22759315206445116
NC_039201.1	0.23715720355349557	0.17952877558903052	0.33078408651989183	0.2525299343375821
NC_078466.1	0.21191626409017714	0.16296296296296298	0.34074074074074073	0.2843800322061192
NC_076926.1	0.18448353631032927	0.18908434821831305	0.3218764095624718	0.30455570590888587
NC_031988.1	0.23616509346659265	0.21432537479178235	0.27679067184897277	0.2727188598926522
NC_076531.1	0.2322612325067518	0.16973565758245357	0.33194205745150995	0.26606105245928474
NC_043538.1	0.22616233254531126	0.1708256720077051	0.3297434550389633	0.2732685404080203
NC_034448.1	0.2159082159082159	0.1884961884961885	0.3090783090783091	0.28651728651728653
NC_055530.1	0.21612521612521612	0.17517517517517517	0.33224133224133223	0.2764582764582765
NC_034530.1	0.2022785398744478	0.17654808959156784	0.3350383631713555	0.28613500736262887
NC_031282.1	0.193825615352524	0.20458906967042137	0.32440550688360453	0.27717980809345016
NC_055461.1	0.24481057432746905	0.2628688448291911	0.26473052220050264	0.22759005864283718
NC_034529.1	0.19359218028780886	0.1511448999909494	0.36057561770295954	0.2946873020182822
NC_055291.1	0.19540229885057472	0.19029374201787994	0.3007662835249042	0.31353767560664114
NC_038278.1	0.21408151596830843	0.2104876255819652	0.30793106264804376	0.2674997958016826
NC_020806.1	0.22688051022322267	0.19630463327705872	0.3085725004689552	0.26824235603076346
NC_076975.1	0.22162452931683702	0.17267348036578806	0.33180921642460104	0.2738927738927739
NC_033701.1	0.18767816091954023	0.19485057471264366	0.3220229885057471	0.29544827586206895
NC_031283.1	0.20731001405771934	0.21483502852890102	0.2984371123790623	0.2794178450343174
NC_025389.1	0.23256009413346782	0.2087745839636914	0.2973609009917633	0.2613044209110775
NC_020804.1	0.18363508111920998	0.16529508582177285	0.35034093581001646	0.3007288972490007
NC_028484.1	0.23733772170415066	0.20597915523861765	0.295940756993966	0.2607423660632657
NC_009528.2	0.2377117467370175	0.21605109691752292	0.2810330463760067	0.26511154308988244
NC_076841.1	0.1893918095773592	0.13625714553462656	0.366507356386468	0.30784368850154625
NC_031957.1	0.1827860696517413	0.12338308457711443	0.38288557213930347	0.31094527363184077
NC_002803.1	0.24038641905833802	0.19311573813543426	0.31654473832301633	0.2499531044832114
NC_076534.1	0.22317954419121735	0.18769686863072077	0.3170279785065777	0.27209560867148413
NC_076909.1	0.2208024533605929	0.17054263565891473	0.32702955958769914	0.28162535139279327
NC_076981.1	0.21579903147699758	0.1864406779661017	0.3075060532687651	0.2902542372881356
NC_036390.1	0.24746666666666667	0.2184888888888889	0.29244444444444445	0.2416
NC_034544.1	0.243299930086227	0.1958362464072089	0.3163986638701157	0.24446515963644838
NC_034551.1	0.23392939018798717	0.19954149472718935	0.29527739569005046	0.2708849151765245
NC_043067.1	0.19612363387978143	0.19245218579234974	0.32838114754098363	0.28295765027322406
NC_040786.1	0.2447018447018447	0.21021021021021022	0.29695409695409697	0.24813384813384814
NC_025376.1	0.2500704027034638	0.19984980756594387	0.30432741950624237	0.24575237022434995
NC_034537.1	0.2033943251127022	0.19636701140281093	0.304760010607266	0.2954786528772209
NC_052231.1	0.24623026432499556	0.2123469930814263	0.300691857370942	0.24073088522263617
NC_034543.1	0.19412900733874083	0.14940131324835845	0.3409810737736578	0.31548860563924297
NC_028231.1	0.23344665695321354	0.2090011332361988	0.31746802655010525	0.24008418326048245
NC_001652.1	0.24622430088668032	0.2726298353308	0.2854915716652051	0.19565429211731464
NC_025382.1	0.19365937576800196	0.2193004014090276	0.30318669615794214	0.2838535266650283
NC_025353.1	0.22568460812086874	0.20481586402266289	0.3068932955618508	0.26260623229461755
NC_020807.1	0.23544093178036607	0.20650767239785542	0.28720650767239786	0.2708448881493807
NC_026801.1	0.23420318398161824	0.17955030362711308	0.3249630723781389	0.2612834400131298
NC_055456.1	0.22771496187220616	0.191690770444386	0.3078271540012271	0.27276711368218076
NC_038755.1	0.2562589413447783	0.20743919885550788	0.29452789699570814	0.24177396280400573
NC_002526.1	0.20461634435433562	0.13641089623622374	0.3756844804879739	0.2832882789214667
NC_034449.1	0.19317647058823528	0.15490196078431373	0.34062745098039215	0.31129411764705883
NC_076430.1	0.2052694610778443	0.2091816367265469	0.3416367265469062	0.2439121756487026
NC_034443.1	0.2167474421109316	0.1638844013642075	0.3368336025848142	0.2825345539400467
NC_038236.1	0.22322775263951736	0.1991892911010558	0.30684389140271495	0.2707390648567119
NC_076489.1	0.209601259181532	0.20269324938789787	0.2947708989157048	0.29267226302903115
NC_028244.1	0.23494637277256988	0.20209441770120767	0.3030149480618191	0.25994426146440336
NC_025340.1	0.25055741360089184	0.2490709773318469	0.2689520624303233	0.23141954663693795
NC_025364.1	0.2218140717716869	0.19817274182914194	0.3131769803145898	0.2668362060845813
NC_003243.1	0.2262827611664821	0.21945367294204504	0.28811369509043927	0.2661498708010336
NC_055531.1	0.1961734693877551	0.15527210884353743	0.3683673469387755	0.280187074829932
NC_028236.1	0.23558897243107768	0.2045498361287835	0.3015230383651436	0.2583381530749952
NC_076979.1	0.2540834845735027	0.2067237058162648	0.29314665975283033	0.2460461498574021
NC_025400.1	0.2175431245198687	0.14107130386200153	0.36776311194915845	0.2736224596689713
NC_024473.1	0.21395648967551623	0.18971238938053098	0.32310103244837757	0.27323008849557523
NC_076472.1	0.20242214532871972	0.15768660405338605	0.3504695996045477	0.2894216510133465
NC_025341.1	0.23649337410805302	0.21202854230377166	0.29339264201649523	0.2580854415716801
NC_076972.1	0.21109741060419235	0.18545006165228115	0.33431976983148376	0.2691327579120427
NC_040602.1	0.2014466904478795	0.14189456995640112	0.3685097106619104	0.28814902893380895
NC_028239.1	0.21284301434740213	0.13233040813483773	0.37484329293773505	0.2799832845800251
NC_076931.1	0.16898378020523006	0.15359152598477324	0.37619993379675604	0.30122476001324067
NC_028255.1	0.23083451202263083	0.2132013201320132	0.30174446016030176	0.2542197076850542
NC_076927.1	0.19225225225225226	0.19774774774774775	0.31666666666666665	0.29333333333333333
NC_077111.1	0.2160719303175049	0.2159782710499204	0.2960569448346914	0.2718928537978833
NC_038287.1	0.2460162147050601	0.22290560059640294	0.28086851178827693	0.25020967291026
NC_034531.1	0.193538848229467	0.15583647519775265	0.33872994751238267	0.3118947290603977
NC_032907.1	0.2059166084323317	0.20614954577218728	0.3256464011180992	0.2622874446773818
NC_031304.1	0.2401643554185927	0.24324601951720595	0.27200821777092965	0.2443759630200308
NC_077123.1	0.2598276790522348	0.2183629509962305	0.2714952432238377	0.250314126727697
NC_079128.1	0.2224310776942356	0.1575814536340852	0.35902255639097747	0.26096491228070173
NC_025384.1	0.2813975448536355	0.26652502360717656	0.2353635505193579	0.21671388101983002
NC_076973.1	0.23175542406311636	0.2168803418803419	0.32873109796186717	0.22263313609467456
NC_076239.1	0.23467456595079406	0.17205628239940757	0.33275734386571215	0.2605118077840862
NC_076510.1	0.2249425560573647	0.20442120275730924	0.3186752238332937	0.2519610173520323
NC_025255.1	0.23452314556609036	0.19287971741959473	0.30014872652909463	0.2724484104852203
NC_018629.1	0.22231504687645037	0.18722732757820476	0.3094773971966954	0.2809802283486494
NC_076930.1	0.1865463615023474	0.15749706572769953	0.34646420187793425	0.30949237089201875
NC_076970.1	0.22621819749892194	0.1943078913324709	0.32203536006899525	0.2574385510996119
NC_077151.1	0.22245762711864406	0.20684243565599497	0.3199152542372881	0.2507846829880728
complement(NC_077114.1	0.21490335707019328	0.20354357409291285	0.3146829433706341	0.26687012546625977
NC_025251.1	0.23919281681014534	0.21540312876052947	0.28019994445987223	0.26520410996945293
NC_055208.1	0.25033544182480355	0.24036802760207016	0.2852213916043703	0.224075138968756
NC_028234.1	0.19387928111224143	0.17378772465242456	0.35130552729738895	0.28102746693794506
NC_055484.1	0.23957841749252792	0.1966336322164543	0.326254522573541	0.2375334277174768
NC_001615.3	0.22075953406733684	0.19706398595819372	0.3287059198978778	0.2534705600765917
NC_079124.1	0.2186046511627907	0.20310077519379846	0.3227390180878553	0.25555555555555554
NC_025371.1	0.24211711711711711	0.20298423423423423	0.31090465465465467	0.24380630630630631
NC_076978.1	0.19926934573231483	0.17901029558286283	0.3277980737296579	0.29392228495516437
NC_028241.1	0.2095017218356877	0.16585845807857194	0.339939560053412	0.28470026003232834
NC_034447.1	0.20273042929292928	0.17463699494949494	0.3258364898989899	0.29679608585858586
NC_039021.1	0.18691662711596266	0.16279069767441862	0.34875810789432055	0.3015345673152982
NC_034546.1	0.19313748905341932	0.17084627020141707	0.34678767614043465	0.2892285646047289
NC_006429.1	0.23529411764705882	0.2134665186829449	0.2847761746207917	0.2664631890492046
NC_022755.1	0.22154940407535564	0.20761245674740483	0.3040176855055748	0.2664359861591695
NC_043649.1	0.26040554962646745	0.21789398790466027	0.28833155460690146	0.23336890786197084
NC_031278.1	0.20992043338412053	0.19959370238699847	0.31894362620619604	0.27154223802268496
NC_038281.1	0.23282154543166372	0.22258578739827167	0.2902089101434684	0.2543837570265962
NC_034545.1	0.20589607239481295	0.15831700718350591	0.350405821438567	0.2853810989831141
NC_077158.1	0.19351600923416643	0.14844926227040048	0.3752885677004918	0.28234467529860485
NC_034549.1	0.23786366350993943	0.2379489804624179	0.2651650883030458	0.25902226772459686
NC_055532.1	0.20303030303030303	0.1548051948051948	0.3624242424242424	0.27974025974025973
NC_025356.1	0.24082934609250398	0.19823623229195986	0.31438221221502954	0.24655220940050662
NC_076937.1	0.20833333333333334	0.16860056258790437	0.3461673699015471	0.27689873417721517
NC_034540.1	0.22434346150398854	0.1773774312091064	0.3250873890830869	0.2731917182038182
NC_032781.1	0.25645822198467844	0.2422055941564226	0.25494388027792625	0.24639230358097275
NC_031302.1	0.1935812060673326	0.21642619311875694	0.32269700332963375	0.2672955974842767
NC_034536.1	0.2400236227115498	0.20644562558002194	0.29486206023791445	0.2586686914705138
NC_076260.1	0.23207102233319463	0.1491191566097933	0.35497295047856847	0.2638368705784436
NC_076494.1	0.199442119944212	0.1794514179451418	0.33593677359367735	0.28516968851696883
NC_076448.1	0.24011892270024485	0.18634137810423224	0.30692549842602307	0.2666142007694998
NC_077129.1	0.2297760210803689	0.22169521299956083	0.2800175669740887	0.2685111989459816
NC_011532.1	0.24041450777202072	0.19723661485319516	0.3051813471502591	0.2570811744386874
NC_034508.1	0.21356665725844387	0.2024649543701195	0.31178850315175466	0.272179885219682
NC_039202.1	0.20293630120767228	0.16662720025258504	0.32978135606598785	0.30065514247375486
NC_038283.1	0.19538825063146745	0.1996251935142182	0.3370813981911513	0.26790515766316303
NC_025395.1	0.1821881506719667	0.13789513533976908	0.3798977853492334	0.30001892863903085
NC_000855.1	0.2501937984496124	0.26744186046511625	0.27742248062015507	0.20494186046511628
NC_038285.1	0.2322919598461394	0.20227038183694532	0.3011539544047284	0.26428370391218686
NC_031079.1	0.2514177693761815	0.25411828247367	0.2514177693761815	0.24304617877396706
NC_026798.1	0.270791749833666	0.21423819028609448	0.3093812375249501	0.2055888223552894
NC_055512.1	0.24454457107518332	0.22404806078275466	0.2826221397649969	0.2487852283770651
NC_076501.1	0.18115942028985507	0.18509572374306674	0.31749865807836825	0.31624619788870995
NC_043525.1	0.23833734724823832	0.22237088573722238	0.29158861832129157	0.2477031486932477
NC_038279.1	0.2137959520859149	0.19182156133828995	0.3291201982651797	0.26526228831061544
NC_079126.1	0.20789605197401298	0.18190904547726136	0.3268365817091454	0.28335832083958024
NC_009609.1	0.2557272242940863	0.21665778724915646	0.29532942638962884	0.2322855620671284
NC_076842.1	0.22952380952380952	0.22247619047619047	0.2776190476190476	0.2703809523809524
NC_034534.1	0.23708599209966574	0.18512610148890915	0.3215587967183227	0.2562291096931024
NC_055474.1	0.22707182320441988	0.2167587476979742	0.2886740331491713	0.26749539594843463
NC_076157.1	0.2332184473986542	0.23092072870507138	0.27925488265222387	0.25660594124405056
NC_031301.1	0.194923105428942	0.13470446544376505	0.38243468593663144	0.28793774319066145
NC_006942.1	0.23860753957841335	0.22566255575964314	0.28391498294410916	0.2514650572903
NC_076933.1	0.21928374655647384	0.181267217630854	0.3215794306703398	0.2778696051423324
NC_077192.1	0.20528455284552846	0.2029268292682927	0.3178048780487805	0.27390243902439027
NC_076030.1	0.22010612090202766	0.1816372939169983	0.32755353420504074	0.2707030509759333
NC_076261.1	0.2282024432809773	0.1482722513089005	0.36020942408376966	0.26331588132635253
NC_055504.1	0.24968632371392724	0.2002509410288582	0.2860727728983689	0.2639899623588457
NC_025391.1	0.208649402737815	0.1761269509111518	0.3301944371784811	0.2850292091725521
NC_025399.1	0.24710183698947744	0.21187800963081863	0.3003388621366149	0.24068129124308899
NC_035132.1	0.23747157798999546	0.21018644838562983	0.2965893587994543	0.2557526148249204
NC_025406.1	0.21737089201877935	0.1712676056338028	0.34244131455399063	0.26892018779342725
NC_076686.1	0.22835847701149425	0.20303520114942528	0.29022988505747127	0.27837643678160917
NC_016136.1	0.23147675012774654	0.20975983648441493	0.3040367910066428	0.2547266223811957
NC_034550.1	0.20196913251729642	0.1646265744190172	0.34841227603335106	0.2849920170303353
NC_031225.1	0.22132729255810052	0.16964510445507172	0.3292222501887742	0.2798053527980535
NC_011568.1	0.25579896907216493	0.218213058419244	0.2822164948453608	0.24377147766323023
NC_076250.1	0.18980869258573568	0.21943048576214405	0.307414264303976	0.28334655734814423
NC_005974.1	0.21376268929938425	0.19321018472291562	0.33732734231985356	0.25569978365784657
NC_079125.1	0.20374647164485502	0.18911983577110597	0.35488837567359505	0.25224531691044394
NC_076971.1	0.22525227253773664	0.18347093653573512	0.32933033108164456	0.2619464598448837
NC_028232.1	0.2159510306958322	0.18345485642272033	0.3367539832568188	0.26384012962462866
NC_025359.1	0.22834788937409026	0.19077510917030568	0.325509461426492	0.2553675400291121
NC_034548.1	0.24035850081477458	0.1868549701249321	0.3162230671736375	0.2565634618866558
NC_034538.1	0.2045955303745672	0.1618665407617249	0.3358514321687126	0.2976864966949953
NC_009527.1	0.2399592818804368	0.2135850453451786	0.283361095687581	0.2630945770868036
NC_076146.1	0.17784476262245666	0.16729464958553128	0.34748388177174916	0.3073767060202629
NC_038276.1	0.21879491431730239	0.18839137645107795	0.3212824765063571	0.2715312327252626
NC_078467.1	0.21423851998678559	0.1565906838453915	0.31929302940204823	0.3098777667657747
NC_025393.1	0.18522770761576732	0.1350937619594336	0.37303865288939914	0.3066398775353999
NC_076913.1	0.22979733740354447	0.22937335707623166	0.2970406173153566	0.2437886882048673
NC_025396.1	0.21511418485699876	0.14228081550320582	0.3678409336503134	0.274764065989482
NC_001542.1	0.23365606270170586	0.22203780544029506	0.28243430152143845	0.26187183033656064
NC_025342.1	0.23929961089494164	0.21363720585510468	0.2883083194367241	0.2587548638132296
NC_017714.1	0.21566181566181566	0.1322938322938323	0.37643797643797644	0.27560637560637563
NC_011639.1	0.19336888476698355	0.15743102249014607	0.3414483344926192	0.3077517582502512
NC_020809.1	0.2325559874143994	0.2181195632056265	0.28521191930409034	0.26411253007588376
NC_033267.1	0.22352848969354966	0.22987694960420096	0.28724821694490166	0.2593463437573478
NC_028237.2	0.2559478452290238	0.2038777410888155	0.30395394124121583	0.23622047244094488
NC_007020.1	0.23628476652207195	0.20694054605766776	0.28451135493748403	0.27226333248277623
NC_076289.1	0.2361183186299948	0.181456495416018	0.3131811105345096	0.2692440754194776
NC_055460.1	0.20052980132450332	0.16520971302428256	0.3554083885209713	0.27885209713024284
NC_007642.1	0.24440411373260737	0.1926367643246046	0.3049866044421398	0.25797251750064815
NC_018381.2	0.23187647212771526	0.1875599755735846	0.31867748407921137	0.2618860682194888
NC_076864.1	0.22693531283138918	0.16905266878755745	0.3293566631318487	0.27465535524920465
NC_034539.1	0.24413145539906103	0.18751173708920188	0.3123004694835681	0.256056338028169
NC_031215.1	0.21821567631623498	0.19586930760115118	0.31327238869138313	0.27264262739123074
NC_025394.1	0.22691343743975323	0.18671679197994986	0.31530749951802584	0.27106227106227104
NC_079051.1	0.2621264086232239	0.19369590070227014	0.2954434100930916	0.24873428058141434
NC_075990.1	0.20840982603374422	0.17160590960748318	0.35291546463851736	0.26706879972025527
NC_005975.1	0.2480888888888889	0.22542222222222222	0.28328888888888887	0.24293333333333333
NC_034535.1	0.22684007162378664	0.18989727641127133	0.31222316464046745	0.2710394873244746
NC_079123.1	0.20802130138126143	0.1765684806124147	0.3383258445664836	0.2770843734398402
NC_076976.1	0.2195650290269474	0.192617624122693	0.30959188978424745	0.2782254570661121
OVRV1_G3	0.1571008094186902	0.19711184694628403	0.3521891096394408	0.293598233995585
OVRV1_G5	0.1576191788371452	0.19537062551667125	0.35188757233397633	0.29512262331220723
OVRV1_G9	0.1576191788371452	0.19537062551667125	0.35197942500229634	0.2950307706438872
OVRV1_Quek	0.15480102227090178	0.19541803577948155	0.3546914932457101	0.2950894487039065
blackfly_rhabdo1_cds	0.18029828061176023	0.16519426237294577	0.34112282701624397	0.31338462999905004
blackfly_rhabdo2_cds	0.18948205587036485	0.1277462968485933	0.3862212943632568	0.29635152599661996
